datesec,lon,lat,lon025,lat025,lon5,lat5,lon975,lat975,mplon,mplat,id
10/11/2016 05:00,-8.82245,54.5345,-8.82245,54.5345,-8.82245,54.5345,-8.82245,54.5345,-8.82440694716243,54.5345,511603400
10/12/2016 05:00,-9.501384427,54.63223001,-9.9526325,54.4659975,-9.501815,54.62895,-9.05365975,54.9173125,-9.53410256360078,54.5849945205479,511603400
10/13/2016 05:00,-10.46417991,54.5208287,-10.9799025,54.132585,-10.4636,54.51865,-9.94945525,54.9550025,-10.5593050489237,54.5186547945206,511603400
10/14/2016 05:00,-11.32449306,54.1403206,-11.84311,53.505795,-11.32425,54.1406,-10.81299,54.7115,-11.2997048923679,54.1748614481409,511603400
10/15/2016 05:00,-12.07379706,53.59683896,-12.6289025,52.83408,-12.0719,53.60175,-11.5552975,54.287505,-12.0482287671233,53.6831520547945,511603400
10/16/2016 05:00,-12.40926534,52.97201871,-12.9603,52.1556825,-12.4105,52.9783,-11.863,53.695805,-12.4768720156556,52.997704109589,511603400
10/17/2016 05:00,-12.33024043,52.34928278,-12.8618,51.5305,-12.3305,52.3489,-11.78889,53.1441025,-12.3036908023483,52.1835273972603,511603400
10/18/2016 05:00,-11.97930643,51.77487072,-12.5370025,51.0701825,-11.9789,51.76595,-11.4548,52.5702025,-11.9191136986301,51.6982160469667,511603400
10/19/2016 05:00,-11.35781944,51.31169116,-11.892405,50.6536,-11.3581,51.31455,-10.8209875,52.0840125,-11.3984998043053,51.3159056751468,511603400
10/20/2016 05:00,-10.71485205,50.98068328,-11.2408075,50.270785,-10.71575,50.9825,-10.1881925,51.6512075,-10.6890648923679,51.0459602739726,511603400
10/21/2016 05:00,-10.62115816,50.65470958,-11.1648025,49.9676,-10.6225,50.65275,-10.085995,51.414305,-10.6638218786693,50.591224853229,511603400
10/22/2016 05:00,-11.43230737,50.19485077,-11.9744075,49.4801,-11.43225,50.1901,-10.9193925,50.92741,-11.3268544031311,50.1168007827789,511603400
10/23/2016 05:00,-12.35103771,49.50559249,-12.90561,48.7842975,-12.34995,49.49895,-11.8081875,50.3282025,-12.343646183953,49.3187849315068,511603400
10/24/2016 05:00,-12.19564987,48.74522672,-12.747505,48.0596925,-12.19615,48.73335,-11.65529,49.70571,-12.1493109589041,48.7032205479452,511603400
10/25/2016 05:00,-11.00873829,48.20537914,-11.5589,47.5175975,-11.00815,48.1949,-10.4554925,49.1343075,-10.9943007632094,48.1377142857143,511603400
10/26/2016 05:00,-9.495156696,47.94907208,-10.04491,47.25679,-9.496205,47.9426,-8.93110475,48.8202175,-9.51110011741683,47.8071238747554,511603400
10/27/2016 05:00,-7.976004409,47.9590295,-8.51074425,47.1497975,-7.97641,47.9525,-7.42684725,48.75771,-8.00759219178082,47.7442054794521,511603400
10/28/2016 05:00,-6.536958423,48.16056423,-7.06063,47.2580925,-6.534705,48.16255,-6.0194255,48.96101,-6.4595218590998,48.0803489236791,511603400
10/29/2016 05:00,-5.315334383,48.44920287,-5.82768575,47.436595,-5.313515,48.45855,-4.8036965,49.2953,-5.30545970645793,48.8143452054795,511603400
10/30/2016 05:00,-4.624391202,48.6583242,-5.1361665,47.5823975,-4.62393,48.7477,-4.05818375,49.602605,-4.63126870841487,48.9824829745597,511603400
10/31/2016 05:00,-4.781195798,48.58672141,-5.2954755,47.5205975,-4.781125,48.6605,-4.24461975,49.5858025,-4.79760853228963,48.8784367906067,511603400
11/01/2016 05:00,-5.401915825,48.21915694,-5.93370275,47.254195,-5.401785,48.2188,-4.8860695,49.3052175,-5.41071935420744,48.2114324853229,511603400
11/02/2016 05:00,-5.853613042,47.7219719,-6.384703,46.995495,-5.853395,47.7186,-5.3011885,48.7453025,-5.83750056751468,47.6239060665362,511603400
11/03/2016 05:00,-5.65642176,47.28785528,-6.19705575,46.581895,-5.657395,47.2909,-5.11807675,48.1376025,-5.64151191780822,47.3551810176125,511603400
11/04/2016 05:00,-5.021619608,47.01518112,-5.5656705,46.23136,-5.023715,47.0149,-4.46565525,47.7744125,-5.08693164383562,46.8580735812133,511603400
11/05/2016 05:00,-4.481140714,46.86487152,-5.02267325,46.040095,-4.480735,46.8708,-3.931716,47.6129025,-4.46895759295499,46.9065489236791,511603400
11/06/2016 05:00,-4.266147496,46.75172295,-4.80527425,45.98819,-4.266825,46.756,-3.743975,47.48971,-4.29231454011742,46.7853714285714,511603400
11/07/2016 05:00,-4.231170456,46.63959669,-4.75390125,45.8686975,-4.23027,46.6403,-3.70242875,47.377005,-4.20310213307241,46.6531925636008,511603400
11/08/2016 05:00,-4.061017332,46.58377237,-4.61144,45.6767975,-4.06056,46.5828,-3.5229365,47.2464025,-4.0904230332681,46.5883821917808,511603400
11/09/2016 05:00,-4.303267191,46.57455608,-4.849783,45.5909,-4.303965,46.57955,-3.768259,47.2223175,-4.33120700587084,46.6055557729941,511603400
11/10/2016 05:00,-4.687324292,46.51775745,-5.21538225,45.5839875,-4.687135,46.51665,-4.17433925,47.181305,-4.70416176125245,46.6260594911937,511603400
11/11/2016 05:00,-4.637900607,46.41978212,-5.1628305,45.6046,-4.636605,46.41915,-4.11593975,47.208005,-4.66459342465753,46.4565068493151,511603400
11/12/2016 05:00,-4.590817399,46.36576965,-5.11573175,45.5610825,-4.59022,46.36965,-4.05023925,47.1749,-4.5822760665362,46.4644178082192,511603400
11/13/2016 05:00,-4.703961184,46.31102757,-5.22957175,45.3840975,-4.70456,46.30775,-4.15686625,47.0351025,-4.66985708414873,46.1132463796477,511603400
11/14/2016 05:00,-4.585419178,46.23454732,-5.1304515,45.3886775,-4.58457,46.2431,-4.04640675,46.9198025,-4.48608019569472,46.3124996086106,511603400
11/15/2016 05:00,-4.251612911,46.13771769,-4.7871875,45.4132975,-4.251205,46.1395,-3.6917695,46.8494,-4.19219935420744,46.2534164383562,511603400
11/16/2016 05:00,-3.851520389,46.0065524,-4.4127105,45.3509975,-3.850195,46.00675,-3.31236225,46.7456075,-3.80232297455969,45.9817465753425,511603400
11/17/2016 05:00,-3.481984428,45.82457148,-3.99013375,45.0939975,-3.484325,45.8239,-2.92514975,46.6805225,-3.6054256555773,45.8608178082192,511603400
11/18/2016 05:00,-3.250025288,45.59340476,-3.81871875,44.7107,-3.249745,45.588,-2.677363,46.4908025,-3.16545761252446,45.4958315068493,511603400
11/19/2016 05:00,-2.901871015,45.37363752,-3.4670265,44.52969,-2.9007,45.3715,-2.3383485,46.2647325,-2.93512491193738,45.4046528375734,511603400
11/20/2016 05:00,-2.526905611,45.25473623,-3.0637935,44.4123775,-2.525455,45.25025,-1.99356725,46.1437125,-2.49261951076321,45.1387929549902,511603400
11/21/2016 05:00,-2.409468805,45.21211363,-2.9410625,44.4463925,-2.409905,45.2053,-1.85182375,46.0354,-2.46167694716243,45.142881409002,511603400
11/22/2016 05:00,-2.677609634,45.19283847,-3.21075025,44.4264875,-2.679695,45.19345,-2.13384575,45.9251075,-2.68211951076321,45.3968350293542,511603400
11/23/2016 05:00,-2.983941763,45.12271271,-3.511464,44.4033,-2.98396,45.1228,-2.44295125,45.8067,-3.03028761252446,45.1024821917808,511603400
11/24/2016 05:00,-2.946755068,45.04494755,-3.49482325,44.3829,-2.944355,45.0462,-2.424598,45.8126075,-2.88570328767123,45.0984479452055,511603400
11/25/2016 05:00,-2.847439672,45.0029716,-3.39729525,44.32859,-2.847985,45.00715,-2.3293045,45.8836025,-2.8208031702544,45.066402739726,511603400
11/26/2016 05:00,-2.996687076,44.98605013,-3.53977275,44.23399,-2.99664,44.9825,-2.45064675,45.92792,-2.94903007827789,45.0386074363992,511603400
11/27/2016 05:00,-3.091021135,44.98853971,-3.641318,44.1893925,-3.09201,44.98505,-2.53297175,45.9041075,-3.10515847358121,44.9144409001957,511603400
11/28/2016 05:00,-3.628458696,44.96366559,-4.173092,44.19078,-3.626545,44.96665,-3.07599525,45.8555025,-3.6040088258317,45.1242690802348,511603400
11/29/2016 05:00,-4.565275212,44.87307447,-5.1135245,44.1332575,-4.565325,44.87275,-4.01340375,45.873535,-4.60178622309198,44.9282082191781,511603400
11/30/2016 05:00,-5.22419025,44.75283889,-5.765558,44.052195,-5.22638,44.7509,-4.672656,45.7190025,-5.28870712328767,44.5031052837573,511603400
12/01/2016 05:00,-4.988397583,44.68391795,-5.504622,43.989995,-4.988605,44.6873,-4.4605995,45.5742175,-4.97778244618395,44.7262209393346,511603400
12/02/2016 05:00,-4.595319582,44.68287655,-5.1261935,44.014395,-4.598005,44.68325,-4.06039275,45.451725,-4.65915790606654,44.5935387475538,511603400
12/03/2016 05:00,-4.48555307,44.70660757,-5.05415375,44.0141925,-4.48725,44.7055,-3.929995,45.5098,-4.51881121330724,44.7775363992172,511603400
12/04/2016 05:00,-4.365891216,44.71747904,-4.9076395,43.8963975,-4.36781,44.73035,-3.812009,45.6949025,-4.39459614481409,44.9011925636008,511603400
12/05/2016 05:00,-4.276685494,44.74173114,-4.82222125,43.8266925,-4.27694,44.75125,-3.7313065,45.7431025,-4.3506788258317,44.9366086105675,511603400
12/06/2016 05:00,-4.445284055,44.7359164,-5.0044515,43.853395,-4.44379,44.74415,-3.8935575,45.6858075,-4.39607078277887,44.9008998043053,511603400
12/07/2016 05:00,-4.590280424,44.7185618,-5.1431005,43.9532775,-4.590395,44.70875,-4.03377975,45.638705,-4.57745919765166,44.4050684931507,511603400
12/08/2016 05:00,-4.347084697,44.79003265,-4.8818835,44.1235975,-4.34793,44.7823,-3.795908,45.6984075,-4.29878931506849,44.7088416829746,511603400
12/09/2016 05:00,-4.136306973,44.97644574,-4.69215525,44.35549,-4.13627,44.9738,-3.5850885,45.7669125,-4.07290739726027,44.9377528375734,511603400
12/10/2016 05:00,-4.156237258,45.18219087,-4.720436,44.411195,-4.15861,45.1763,-3.62345675,45.9233,-4.07609888454012,45.1384178082192,511603400
12/11/2016 05:00,-4.483964341,45.32373715,-5.02817025,44.4584775,-4.484345,45.3231,-3.9413395,46.1296025,-4.53765600782779,45.1515203522505,511603400
12/12/2016 05:00,-4.954867876,45.36066809,-5.50765725,44.4737,-4.954275,45.3621,-4.42698825,46.2807075,-4.93709467710372,45.4002424657534,511603400
12/13/2016 05:00,-4.805656695,45.33776125,-5.3315415,44.4437875,-4.806625,45.32715,-4.27191925,46.323105,-4.85356426614481,45.2068978473581,511603400
12/14/2016 05:00,-4.323733353,45.3556816,-4.85927,44.5419925,-4.324045,45.3513,-3.7872475,46.2496025,-4.29591084148728,45.3254673189824,511603400
12/15/2016 05:00,-4.237330878,45.43858955,-4.78966025,44.6221,-4.23483,45.4502,-3.69930825,46.306,-4.19510853228963,45.4905718199609,511603400
12/16/2016 05:00,-3.997394748,45.5268199,-4.5653525,44.7454925,-3.99519,45.5272,-3.4728285,46.317505,-4.07030504892368,45.2750800391389,511603400
12/17/2016 05:00,-3.645498119,45.66574652,-4.20335475,44.9200825,-3.644695,45.67145,-3.11643175,46.4502,-3.69495559686888,45.6911260273973,511603400
12/18/2016 05:00,-3.568471678,45.83905175,-4.1130615,45.11169,-3.56923,45.8387,-3.0280895,46.6091025,-3.597785518591,45.9472643835616,511603400
12/19/2016 05:00,-3.453240222,45.99630651,-3.98622525,45.2182925,-3.454325,45.9937,-2.91047825,46.74152,-3.52097729941292,46.1031583170254,511603400
12/20/2016 05:00,-3.217228697,46.13496946,-3.73992075,45.279095,-3.218435,46.1365,-2.67109875,46.827105,-3.25917590998043,46.204833072407,511603400
12/21/2016 05:00,-3.142596958,46.21383132,-3.6880025,45.3903975,-3.142485,46.2235,-2.5979285,46.9230025,-3.16712917808219,46.332097260274,511603400
12/22/2016 05:00,-3.152746189,46.23304809,-3.69621025,45.528145,-3.153605,46.22785,-2.61428025,47.018005,-3.22460698630137,46.0853495107632,511603400
12/23/2016 05:00,-3.034150414,46.27462364,-3.59064975,45.595995,-3.03407,46.2732,-2.49089575,47.1249,-3.01148504892368,46.3186019569472,511603400
12/24/2016 05:00,-3.222548113,46.31884196,-3.75514125,45.6238,-3.221455,46.31745,-2.6901095,47.1290075,-3.18226904109589,46.2838937377691,511603400
12/25/2016 05:00,-3.365420453,46.32939832,-3.913616,45.6329675,-3.365835,46.32575,-2.82777,47.111905,-3.38890045009785,46.1440700587084,511603400
12/26/2016 05:00,-3.513239241,46.31677793,-4.043063,45.601695,-3.513665,46.3139,-2.97169075,47.0408,-3.48557729941292,46.2844923679061,511603400
12/27/2016 05:00,-3.690271727,46.28893389,-4.2291045,45.562585,-3.6904,46.289,-3.1610595,47.0443,-3.68741250489237,46.4053181996086,511603400
12/28/2016 05:00,-3.716885175,46.31391313,-4.25656025,45.624595,-3.718015,46.3156,-3.1716105,47.1611125,-3.72399127201566,46.3295005870841,511603400
12/29/2016 05:00,-4.079293554,46.38686259,-4.61314175,45.599385,-4.07823,46.3843,-3.5330695,47.2074025,-4.07324604696673,46.3602270058708,511603400
12/30/2016 05:00,-4.364386316,46.44088929,-4.90681175,45.609395,-4.36331,46.4331,-3.821429,47.216005,-4.35863301369863,46.3738201565558,511603400
12/31/2016 05:00,-4.302689399,46.49102477,-4.83701125,45.676895,-4.30146,46.4857,-3.774262,47.2729025,-4.35681557729941,46.4137630136986,511603400
01/01/2017 05:00,-4.011547764,46.52177692,-4.56243475,45.84169,-4.009255,46.52235,-3.49720275,47.2873025,-3.93668037181996,46.468117221135,511603400
01/02/2017 05:00,-3.735216411,46.53913113,-4.2806235,45.8725,-3.735705,46.53655,-3.224099,47.29661,-3.79041387475538,46.462115851272,511603400
01/03/2017 05:00,-3.778186518,46.52590839,-4.3194155,45.816195,-3.77601,46.5305,-3.26472575,47.35041,-3.75678800391389,46.5574052837573,511603400
01/04/2017 05:00,-4.232834354,46.47190325,-4.77461025,45.7768975,-4.23309,46.47255,-3.71460825,47.279605,-4.21120227005871,46.4495996086106,511603400
01/05/2017 05:00,-4.675670958,46.42447508,-5.223602,45.6440925,-4.67658,46.42445,-4.1529035,47.205715,-4.61019356164384,46.3123168297456,511603400
01/06/2017 05:00,-4.708187143,46.37003941,-5.2566055,45.6227,-4.70796,46.3677,-4.18968875,47.1741025,-4.71345399217221,46.1706630136986,511603400
01/07/2017 05:00,-4.834980811,46.32342597,-5.35555225,45.5883925,-4.83643,46.32505,-4.32441875,47.28393,-4.84742939334638,46.3617800391389,511603400
01/08/2017 05:00,-4.943025322,46.27688844,-5.4601405,45.5125975,-4.94326,46.2775,-4.40924775,47.260205,-4.90114788649706,46.4127127201566,511603400
01/09/2017 05:00,-4.626818184,46.25044749,-5.17449175,45.4042975,-4.62759,46.2512,-4.0727735,47.1927475,-4.64093890410959,46.2240774951076,511603400
01/10/2017 05:00,-4.238428839,46.26433626,-4.78243525,45.472495,-4.239285,46.2692,-3.69979575,47.0160225,-4.26809213307241,46.3257046966732,511603400
01/11/2017 05:00,-4.085312265,46.29298017,-4.62158625,45.62189,-4.08471,46.295,-3.547039,46.927005,-4.04936808219178,46.4733739726027,511603400
01/12/2017 05:00,-3.62762003,46.33651928,-4.1615885,45.7195975,-3.628,46.3371,-3.0903375,46.937605,-3.67173706457926,46.3084266144814,511603400
01/13/2017 05:00,-3.51369478,46.39754526,-4.05018275,45.7912975,-3.513595,46.3938,-2.97693375,47.0741125,-3.50032074363992,46.3550197651663,511603400
01/14/2017 05:00,-3.879371405,46.45014233,-4.4205285,45.8017,-3.879015,46.451,-3.30856125,47.0884125,-3.87652966731898,46.4632203522505,511603400
01/15/2017 05:00,-4.86635796,46.425848,-5.399534,45.7996625,-4.86632,46.42265,-4.29310475,47.1223,-4.83571360078278,46.4421416829746,511603400
01/16/2017 05:00,-6.347408335,46.34388587,-6.882093,45.649395,-6.344605,46.3398,-5.8004845,47.0770175,-6.27975859099804,46.2944684931507,511603400
01/17/2017 05:00,-6.813982648,46.22602795,-7.37107825,45.5368925,-6.814215,46.2252,-6.284996,46.973505,-6.82401097847358,46.2071076320939,511603400
01/18/2017 05:00,-6.020025305,46.21828119,-6.553899,45.55059,-6.018125,46.221,-5.4877625,46.953315,-6.0010298630137,46.3394549902153,511603400
01/19/2017 05:00,-5.163765674,46.3576228,-5.69472275,45.6568925,-5.163465,46.3531,-4.6165465,47.0484075,-5.23416299412916,46.348204109589,511603400
01/20/2017 05:00,-4.806537586,46.56000031,-5.36549625,45.8619975,-4.80575,46.56195,-4.2558985,47.265105,-4.81196072407045,46.5066870841487,511603400
01/21/2017 05:00,-5.186225637,46.79743188,-5.73921175,46.055985,-5.186,46.79815,-4.656486,47.5466,-5.19576927592955,46.8341150684931,511603400
01/22/2017 05:00,-5.597021263,47.04976356,-6.13201525,46.2542775,-5.59672,47.0525,-5.07655925,47.9486125,-5.57915679060665,47.04124481409,511603400
01/23/2017 05:00,-5.355871422,47.29790444,-5.8913705,46.5046925,-5.3561,47.304,-4.838856,48.33711,-5.31132362035225,47.3616780821918,511603400
01/24/2017 05:00,-4.921479251,47.55520933,-5.44840175,46.72807,-4.921425,47.57195,-4.39184675,48.6606025,-4.83146618395303,47.6740788649706,511603400
01/25/2017 05:00,-4.763592426,47.72227843,-5.2734225,46.9239975,-4.764395,47.7201,-4.22880525,48.91213,-4.79211968688845,47.6713698630137,511603400
01/26/2017 05:00,-4.766761881,47.78451899,-5.27718025,47.1017925,-4.7659,47.77915,-4.2182265,49.0986225,-4.76603236790607,47.7594142857143,511603400
01/27/2017 05:00,-4.810639084,47.82777848,-5.32025475,47.15079,-4.809795,47.82215,-4.27340175,49.181505,-4.81724585127202,47.7590616438356,511603400
01/28/2017 05:00,-4.8825509,47.89574844,-5.3759925,47.1518,-4.882565,47.8975,-4.38793925,49.1493025,-4.87988487279843,47.847753816047,511603400
01/29/2017 05:00,-4.963321864,47.99862909,-5.45995275,47.1222925,-4.964605,47.9959,-4.47520425,49.1316125,-4.98335688845401,47.9716739726027,511603400
01/30/2017 05:00,-5.04514116,48.11791434,-5.5493685,47.187295,-5.04403,48.1206,-4.559309,49.097405,-5.01179741682975,48.1255864970646,511603400
01/31/2017 05:00,-5.129516261,48.24904031,-5.63287175,47.3233875,-5.128875,48.25245,-4.6595775,49.1223025,-5.07789520547945,48.2475874755382,511603400
02/01/2017 05:00,-5.199274786,48.38825138,-5.74033975,47.491295,-5.19965,48.39225,-4.71199725,49.1622,-5.26504939334638,48.5439444227006,511603400
02/02/2017 05:00,-5.243783444,48.51357922,-5.76680125,47.5631925,-5.24301,48.51635,-4.7512655,49.2053,-5.24327205479452,48.5640232876712,511603400
02/03/2017 05:00,-5.265885924,48.60139278,-5.797196,47.5514975,-5.264785,48.60905,-4.75740975,49.2890025,-5.24888992172211,48.7214309197652,511603400
02/04/2017 05:00,-5.254985334,48.65734639,-5.79481175,47.5942925,-5.254885,48.66675,-4.75435325,49.352105,-5.25827082191781,48.8422459882583,511603400
02/05/2017 05:00,-5.19624983,48.69337708,-5.74106525,47.729,-5.19474,48.7037,-4.67690925,49.4693025,-5.23474919765166,48.8592771037182,511603400
02/06/2017 05:00,-5.11239425,48.76654238,-5.63912325,47.7722925,-5.11215,48.7762,-4.61937975,49.5826175,-5.07743015655577,48.858582778865,511603400
02/07/2017 05:00,-5.02731055,48.84325968,-5.549635,47.8139975,-5.02597,48.8561,-4.52741375,49.64961,-4.98188767123288,49.0234076320939,511603400
02/08/2017 05:00,-4.965662257,48.87628754,-5.5038435,47.919695,-4.964095,48.8944,-4.474518,49.6363025,-4.85964039138943,49.1369933463796,511603400
02/09/2017 05:00,-4.965243752,48.88054073,-5.49350325,47.8975,-4.965395,48.8892,-4.458959,49.5545,-5.02951097847358,48.9234892367906,511603400
02/10/2017 05:00,-5.055042171,48.85383232,-5.57929325,47.972,-5.05506,48.85535,-4.550704,49.525505,-5.00886045009785,48.9388821917808,511603400
02/11/2017 05:00,-5.237332148,48.78618362,-5.75153525,48.0133775,-5.23704,48.7872,-4.739275,49.4616025,-5.23397019569472,48.8595700587084,511603400
02/12/2017 05:00,-5.393463967,48.67201199,-5.9324415,47.9215925,-5.395145,48.67755,-4.86137825,49.3592,-5.40815939334638,48.67415518591,511603400
02/13/2017 05:00,-5.881741969,48.4792661,-6.4434855,47.706085,-5.88004,48.4817,-5.3323965,49.1863,-5.86516256360078,48.621595890411,511603400
02/14/2017 05:00,-6.793100573,48.13468441,-7.325713,47.3389,-6.794385,48.13975,-6.23384975,48.8782075,-6.85462201565558,47.9479405088063,511603400
02/15/2017 05:00,-7.340718296,47.62303913,-7.89003325,46.8013925,-7.341775,47.62715,-6.79137925,48.4756075,-7.34024215264188,47.7202908023483,511603400
02/16/2017 05:00,-7.160163536,47.05036253,-7.7085005,46.2458825,-7.15956,47.0616,-6.62059275,48.0017075,-7.12233876712329,47.111595890411,511603400
02/17/2017 05:00,-6.417517133,46.55268671,-6.96161125,45.70588,-6.4185,46.55465,-5.89745325,47.442005,-6.36899236790607,46.5503772994129,511603400
02/18/2017 05:00,-5.516790525,46.21036878,-6.058382,45.4140975,-5.51509,46.216,-4.979667,46.9647025,-5.45958774951076,46.3149450097847,511603400
02/19/2017 05:00,-4.641097811,46.02862619,-5.18265425,45.317795,-4.64167,46.02945,-4.1041685,46.6627,-4.68624332681018,46.1738371819961,511603400
02/20/2017 05:00,-3.982131564,45.98498674,-4.5077905,45.2431925,-3.983695,45.9851,-3.44135125,46.6023075,-4.08539162426614,46.0042150684931,511603400
02/21/2017 05:00,-4.021491423,46.01087771,-4.56831525,45.188055,-4.02068,46.0145,-3.48780775,46.751905,-4.01534199608611,46.1549823874755,511603400
02/22/2017 05:00,-4.858636901,45.95422362,-5.40321075,45.1388875,-4.85967,45.95565,-4.315708,46.8179025,-4.93259403131115,45.8868060665362,511603400
02/23/2017 05:00,-5.316216781,45.80703889,-5.83573425,45.039695,-5.315275,45.8091,-4.774074,46.6270025,-5.22154506849315,45.819339334638,511603400
02/24/2017 05:00,-5.107025913,45.59989677,-5.65455275,44.850695,-5.105165,45.59635,-4.55561025,46.3239025,-5.06885129158513,45.4857281800391,511603400
02/25/2017 05:00,-4.660711717,45.37345402,-5.18267175,44.7292975,-4.660555,45.37295,-4.1012795,46.057005,-4.73841681017613,45.3884583170254,511603400
02/26/2017 05:00,-4.391362091,45.14978527,-4.94036475,44.47359,-4.389995,45.1484,-3.86209975,45.78081,-4.38667532289628,45.0383917808219,511603400
02/27/2017 05:00,-4.258011182,44.92100394,-4.79471725,44.2447875,-4.258225,44.9234,-3.681777,45.6176075,-4.34103561643836,44.9468757338552,511603400
02/28/2017 05:00,-4.155246716,44.74453903,-4.73936175,44.1046975,-4.15431,44.74265,-3.6076175,45.4871,-4.0828272407045,44.8320825831703,511603400
03/01/2017 05:00,-4.206592411,44.69159785,-4.78550125,43.9638925,-4.205405,44.69415,-3.66802775,45.4623,-4.1443453816047,44.7252240704501,511603400
03/02/2017 05:00,-4.427087226,44.73313567,-4.96094875,43.9318975,-4.426515,44.7395,-3.8865595,45.4821075,-4.48650170254403,44.7768536203522,511603400
03/03/2017 05:00,-4.615838319,44.84752021,-5.1575435,43.97879,-4.61555,44.85955,-4.081939,45.641905,-4.59091845401174,44.910302739726,511603400
03/04/2017 05:00,-4.670399208,45.06273941,-5.220511,44.1533975,-4.67062,45.0691,-4.133294,45.92781,-4.66854467710372,45.1224900195695,511603400
03/05/2017 05:00,-4.67286528,45.36850317,-5.24379525,44.4219975,-4.673505,45.3655,-4.128987,46.1103075,-4.705,45.4297904109589,511603400
03/06/2017 05:00,-4.685050275,45.70002977,-5.216773,44.7906825,-4.684735,45.70975,-4.177612,46.3776125,-4.64316835616438,45.7443933463796,511603400
03/07/2017 05:00,-4.686033847,45.98205367,-5.212441,45.117295,-4.686085,45.99205,-4.13720725,46.720015,-4.63491268101761,46.0457095890411,511603400
03/08/2017 05:00,-4.671899254,46.19692204,-5.20742275,45.3874,-4.67237,46.1973,-4.155858,46.995505,-4.73386039138943,46.3073500978474,511603400
03/09/2017 05:00,-4.625023238,46.36249677,-5.15741175,45.5797,-4.623095,46.3639,-4.08469,47.161005,-4.65927549902153,46.4672440313112,511603400
03/10/2017 05:00,-4.507525014,46.49915348,-5.065932,45.5883925,-4.505005,46.5021,-3.97240775,47.370705,-4.49882436399217,46.4684857142857,511603400
03/11/2017 05:00,-4.41545583,46.60082532,-4.9558715,45.67247,-4.414695,46.6001,-3.8943495,47.4722025,-4.3884939334638,46.5760109589041,511603400
03/12/2017 05:00,-4.385350667,46.62325,-4.91434125,45.8368775,-4.384795,46.6182,-3.86384625,47.47913,-4.39924733855186,46.6549125244618,511603400
03/13/2017 05:00,-4.280311469,46.59240541,-4.8125895,45.8656975,-4.282655,46.58665,-3.72875925,47.366705,-4.31149980430528,46.513785518591,511603400
03/14/2017 05:00,-4.090160691,46.56529892,-4.61995,45.7183725,-4.09158,46.5654,-3.540876,47.2602,-4.11586772994129,46.5370925636008,511603400
03/15/2017 05:00,-3.949460751,46.55330934,-4.47229125,45.688985,-3.95036,46.5667,-3.40982825,47.2410025,-3.94320164383562,46.6647540117417,511603400
03/16/2017 05:00,-3.935099079,46.52848487,-4.4460865,45.7440925,-3.93631,46.53325,-3.4063575,47.29781,-3.93957886497065,46.5859542074364,511603400
03/17/2017 05:00,-3.94871122,46.50314433,-4.48341225,45.754795,-3.949035,46.5046,-3.39828375,47.3577025,-3.98981743639922,46.3456121330724,511603400
03/18/2017 05:00,-4.009135692,46.47735588,-4.536705,45.7692925,-4.011015,46.48045,-3.46248125,47.3417125,-4.03783136986301,46.5000479452055,511603400
03/19/2017 05:00,-4.088285993,46.47651873,-4.61867175,45.814895,-4.08862,46.4746,-3.5624695,47.2471025,-4.13967911937378,46.4074951076321,511603400
03/20/2017 05:00,-4.1225377,46.46622075,-4.655761,45.7819925,-4.120225,46.46135,-3.583399,47.0972025,-4.0653527592955,46.3784753424658,511603400
03/21/2017 05:00,-4.211294309,46.42321936,-4.74688225,45.6727,-4.211475,46.4259,-3.684238,47.0739025,-4.26188816046967,46.4938123287671,511603400
03/22/2017 05:00,-4.434777515,46.34147481,-4.971063,45.5110725,-4.434065,46.3377,-3.91146475,47.0664025,-4.41152947162427,46.2301422700587,511603400
03/23/2017 05:00,-4.617967986,46.25049364,-5.159875,45.3859,-4.61863,46.24675,-4.07205525,47.0091075,-4.62643698630137,46.2587080234834,511603400
03/24/2017 05:00,-4.663609592,46.14694787,-5.21506375,45.2716975,-4.663395,46.158,-4.13390825,46.907505,-4.71189199608611,46.2830101761252,511603400
03/25/2017 05:00,-4.616434107,45.98141973,-5.15254275,45.16779,-4.617815,45.986,-4.08489625,46.7915025,-4.61853438356164,45.9973424657534,511603400
03/26/2017 05:00,-4.485284484,45.80025524,-5.04914275,45.0273975,-4.48563,45.78775,-3.93890875,46.620905,-4.4729139334638,45.6903250489237,511603400
03/27/2017 05:00,-4.552996388,45.64136397,-5.11573075,44.7983775,-4.5518,45.6374,-4.00053,46.4386025,-4.62250250489237,45.5556213307241,511603400
03/28/2017 05:00,-4.873654535,45.51965309,-5.42478325,44.682165,-4.874635,45.5228,-4.32670875,46.3157025,-4.89040866927593,45.6011399217221,511603400
03/29/2017 05:00,-5.439966001,45.42787191,-5.98301025,44.7037975,-5.44095,45.4298,-4.90506925,46.2577825,-5.44733553816047,45.5214469667319,511603400
03/30/2017 05:00,-5.900490912,45.38462102,-6.44205625,44.6999975,-5.90056,45.37735,-5.34733525,46.2160025,-5.90764637964775,45.1918223091977,511603400
03/31/2017 05:00,-6.004399607,45.42848594,-6.5511315,44.6849975,-6.005225,45.417,-5.44780325,46.3407125,-6.03516123287671,45.2393311154599,511603400
04/01/2017 05:00,-6.318213894,45.56052177,-6.86433075,44.7702925,-6.317325,45.55175,-5.75541325,46.563805,-6.28123522504892,45.375539334638,511603400
04/02/2017 05:00,-6.913468587,45.76304432,-7.44895,44.94189,-6.916245,45.7674,-6.3710185,46.60801,-6.93802747553816,45.7484876712329,511603400
04/03/2017 05:00,-7.341481927,45.9383576,-7.88711625,45.1209925,-7.33891,45.9375,-6.79817375,46.7300025,-7.30639299412916,45.9001136986301,511603400
04/04/2017 05:00,-7.315465127,46.09073996,-7.86786175,45.2809975,-7.31517,46.08915,-6.761909,46.9108125,-7.29706894324853,46.0128876712329,511603400
04/05/2017 05:00,-6.977756472,46.27731238,-7.52415625,45.41889,-6.97553,46.2773,-6.46712425,47.1055325,-7.00353665362035,46.4541342465753,511603400
04/06/2017 05:00,-6.566319416,46.49272922,-7.138332,45.5167875,-6.56576,46.5027,-6.024387,47.27582,-6.56507260273973,46.5868522504892,511603400
04/07/2017 05:00,-6.243683016,46.68251705,-6.8131415,45.6652,-6.243465,46.6952,-5.67405775,47.4415,-6.25143015655577,46.8743712328767,511603400
04/08/2017 05:00,-6.171685422,46.78517953,-6.73976175,45.8128675,-6.172085,46.78615,-5.618869,47.63331,-6.21655831702544,46.7027078277887,511603400
04/09/2017 05:00,-6.162472013,46.80462015,-6.7159185,45.935795,-6.16107,46.8063,-5.60397725,47.6909275,-6.11585348336595,46.7776446183953,511603400
04/10/2017 05:00,-5.630292861,46.79478425,-6.17762,45.9335875,-5.63133,46.80195,-5.07677975,47.5633225,-5.65604072407045,46.8338945205479,511603400
04/11/2017 05:00,-4.920876336,46.77508928,-5.46201325,45.9168,-4.921045,46.7767,-4.36770725,47.503405,-4.91940199608611,46.8726536203523,511603400
04/12/2017 05:00,-4.449800272,46.75615906,-4.9958145,45.88679,-4.44762,46.7663,-3.93547225,47.46222,-4.38643753424657,46.7893904109589,511603400
04/13/2017 05:00,-4.209148651,46.7366184,-4.750421,45.8709,-4.20905,46.7443,-3.697158,47.439615,-4.16498250489237,46.8023632093933,511603400
04/14/2017 05:00,-4.008117752,46.7261379,-4.533471,45.879995,-4.0092,46.73,-3.478949,47.403405,-4.07487849315068,46.7891786692759,511603400
04/15/2017 05:00,-3.968622306,46.68900519,-4.50141125,45.933775,-3.9682,46.689,-3.45808925,47.3991075,-3.92900174168297,46.6597332681018,511603400
04/16/2017 05:00,-4.205536026,46.62364313,-4.74055175,45.9153975,-4.206555,46.6231,-3.675937,47.351705,-4.2290623483366,46.6251602739726,511603400
04/17/2017 05:00,-4.398842971,46.56340293,-4.9121655,45.8425775,-4.39757,46.5634,-3.8709805,47.3141,-4.34377671232877,46.5766369863014,511603400
04/18/2017 05:00,-4.523812499,46.49858049,-5.061053,45.7524925,-4.524735,46.4909,-3.968743,47.2162075,-4.57777651663405,46.4155917808219,511603400
04/19/2017 05:00,-4.374704492,46.49134404,-4.92540725,45.6255975,-4.37659,46.4983,-3.81308325,47.2242,-4.45656019569472,46.6580336594912,511603400
04/20/2017 05:00,-4.305017916,46.48535438,-4.87070825,45.69059,-4.303555,46.4885,-3.789728,47.317015,-4.37496954990215,46.5049320939335,511603400
04/21/2017 05:00,-4.498489438,46.51499473,-5.014323,45.760995,-4.499095,46.51325,-3.98138625,47.3399,-4.47266988258317,46.5179712328767,511603400
04/22/2017 05:00,-5.113909125,46.57135017,-5.6438635,45.779895,-5.113865,46.5664,-4.59261925,47.3598075,-5.04773465753425,46.5017199608611,511603400
04/23/2017 05:00,-6.092444901,46.61135867,-6.64672075,45.841095,-6.090815,46.6063,-5.57484925,47.3915,-6.03835747553816,46.5419107632094,511603400
04/24/2017 05:00,-7.159152937,46.63498854,-7.727161,45.8908775,-7.158395,46.6336,-6.62171975,47.4384025,-7.15190733855186,46.4310021526419,511603400
04/25/2017 05:00,-7.894944834,46.67327537,-8.445273,45.884095,-7.895135,46.67335,-7.32444975,47.5042,-7.94832729941292,46.6794003913894,511603400
04/26/2017 05:00,-7.665367639,46.76355052,-8.20364975,45.9253,-7.665645,46.7677,-7.1100985,47.5565025,-7.71562829745597,46.8532369863014,511603400
04/27/2017 05:00,-7.169788666,46.96635154,-7.692091,46.0456875,-7.17006,46.9815,-6.618999,47.6960075,-7.08886410958904,47.1770917808219,511603400
04/28/2017 05:00,-7.229152382,47.14038882,-7.77380925,46.2117975,-7.228515,47.14725,-6.687714,47.823515,-7.20012479452055,47.1592129158513,511603400
04/29/2017 05:00,-7.496055328,47.2259553,-8.05703325,46.3699925,-7.49534,47.2297,-6.97947875,48.0105075,-7.45251898238748,47.0286526418787,511603400
04/30/2017 05:00,-8.114645603,47.25452864,-8.65366175,46.435985,-8.114355,47.2521,-7.5820305,48.1445025,-8.11338074363992,47.1602054794521,511603400
05/01/2017 05:00,-8.456982739,47.21376996,-9.010753,46.4200975,-8.45699,47.19925,-7.91150775,48.127705,-8.46562193737769,47.1463512720157,511603400
05/02/2017 05:00,-8.373457038,47.13593279,-8.940741,46.338495,-8.374765,47.135,-7.7946875,48.031905,-8.46257520547945,47.194198630137,511603400
05/03/2017 05:00,-8.169868018,47.01997263,-8.7099415,46.228195,-8.169515,47.01505,-7.60276225,47.8762075,-8.19826052837573,46.8973342465753,511603400
05/04/2017 05:00,-8.199624362,46.85301311,-8.74541125,46.142195,-8.197635,46.8511,-7.65517825,47.6317,-8.11198915851272,46.7797367906067,511603400
05/05/2017 05:00,-8.167823199,46.65163545,-8.71734225,46.0303975,-8.167,46.65395,-7.6134145,47.3600025,-8.20752567514677,46.6682890410959,511603400
05/06/2017 05:00,-8.476437886,46.43884165,-9.02059025,45.788585,-8.47472,46.4338,-7.943445,47.1884025,-8.38334698630137,46.3256360078278,511603400
05/07/2017 05:00,-9.565489144,46.16638317,-10.0914175,45.470995,-9.56525,46.165,-9.0476015,47.020905,-9.56044191780822,46.2411618395303,511603400
05/08/2017 05:00,-10.36134934,45.80214096,-10.8859025,45.0055975,-10.361,45.79555,-9.833615,46.668905,-10.386626223092,45.6143273972603,511603400
05/09/2017 05:00,-10.28946006,45.38486257,-10.820205,44.5335625,-10.2897,45.3806,-9.7494975,46.175115,-10.3297611741683,45.3935454011742,511603400
05/10/2017 05:00,-10.160946424,44.87678002,-10.694505,43.978095,-10.1594,44.8773,-9.62885925,45.6467025,-10.132596555773,45.0695418786693,511603400
05/11/2017 05:00,-10.27663705,44.21860949,-10.8174075,43.2507725,-10.27735,44.2188,-9.7425435,44.9940225,-10.3122621330724,44.1114943248532,511603400
05/12/2017 05:00,-10.30122406,43.40908788,-10.847605,42.4895925,-10.3011,43.4118,-9.757348,44.2331025,-10.3192508023483,43.4967894324853,511603400
05/13/2017 05:00,-10.025633207,42.44533379,-10.6096025,41.51349,-10.0264,42.4524,-9.4914,43.3180075,-10.0266086692759,42.5350945205479,511603400
05/14/2017 05:00,-9.953000023,41.29828288,-10.5153,40.402185,-9.95156,41.30395,-9.40066,42.2387225,-9.94037796477495,41.3858708414873,511603400
05/15/2017 05:00,-10.27833572,39.89323491,-10.97356,39.1064975,-10.27875,39.8909,-9.65711,41.0463075,-10.2867928767123,39.9906937377691,511603400
05/16/2017 05:00,-10.116335616,38.35466133,-11.0675175,37.5844975,-10.10885,38.3482,-9.37625575,39.63721,-9.92063776908023,38.4118630136986,511603400
05/17/2017 05:00,-9.034087461,37.0180362,-10.2868125,36.3969,-9.03048,37.0118,-7.71226825,37.987705,-8.96952203522505,37.0113477495108,511603400
05/18/2017 05:00,-6.764304551,36.24906638,-8.56943475,35.978295,-6.763145,36.2418,-5.1078945,36.76901,-6.30550495107632,36.2069281800391,511603400
05/19/2017 05:00,-3.778986517,36.18548444,-5.695962,35.9150975,-3.790465,36.1845,-2.064317,36.5577075,-4.23635080234834,36.1794299412916,511603400
05/20/2017 05:00,-0.56450706176634,36.6236507,-2.42687225,36.1523975,-0.5445995,36.62065,1.0506305,37.2507075,-0.348229589041096,36.598857925636,511603400
05/21/2017 05:00,2.603409752,37.22353519,0.93096675,36.7709,2.602095,37.22135,3.99092775,38.0176175,2.58158125048924,37.1341996086106,511603400
05/22/2017 05:00,5.586448096,37.77856506,4.4646335,37.2772975,5.589415,37.7784,6.76315225,38.5806375,5.73230863013699,37.7960547945206,511603400
05/23/2017 05:00,8.246906723,38.2579323,7.239295,37.61678,8.24388,38.2556,9.28667075,38.9055125,8.1184224853229,38.3214291585127,511603400
05/24/2017 05:00,10.5838409,38.5821444,9.4634325,38.0167975,10.5843,38.5793,11.5702025,39.119005,10.508287592955,38.5630988258317,511603400
05/25/2017 05:00,12.81824917,38.67643378,11.7154675,38.3399975,12.82415,38.672,13.8275,39.12781,12.8673767123288,38.5842594911937,511603400
05/26/2017 05:00,14.53542186,38.52676013,13.7387975,38.2801975,14.5368,38.5244,15.1930175,38.8514125,14.6681904109589,38.481240704501,511603400
05/27/2017 05:00,14.82638446,38.31063085,14.7521975,38.2136975,14.8262,38.30955,14.9022025,38.4588025,14.8236649706458,38.3082774951076,511603400
05/28/2017 05:00,13.58690678,38.27352337,13.5113975,38.2069,13.5868,38.2723,13.6614,38.387405,13.5778088062622,38.2619054794521,511603400
05/29/2017 05:00,15.09186298,38.24552005,15.0111,38.202,15.0918,38.2433,15.1695025,38.3766,15.0909483365949,38.2077767123288,511603400
05/30/2017 05:00,15.27701103,38.34405808,15.2017,38.2151,15.277,38.3374,15.3501,38.539205,15.2810250489237,38.2717506849315,511603400
05/31/2017 05:00,15.93383489,38.79278696,15.8760975,38.6318,15.93455,38.7925,15.9589,38.9629025,15.9548205479452,38.7627821917808,511603400
06/01/2017 05:00,15.78100319,39.02190304,15.4480925,38.7348975,15.7837,39.02165,16.0764,39.3159,15.7847048923679,39.0422632093933,511603400
06/02/2017 05:00,15.89930916,38.49527215,15.828,38.4805,15.8995,38.4944,15.9538,38.5491,15.9088493150685,38.4823569471624,511603400
06/03/2017 05:00,16.03951627,37.55948733,15.5034,37.2195975,16.0392,37.55955,16.7053125,37.883705,16.0740747553816,37.5301467710372,511603400
06/04/2017 05:00,16.14696926,37.23977555,15.4609925,36.5680825,16.1442,37.237,17.230415,37.8789175,16.1888853228963,37.158395890411,511603400
06/05/2017 05:00,16.19781026,37.24597668,15.4794775,36.4588825,16.202,37.2446,17.21823,37.9611,16.2214618395303,37.2227757338552,511603400
06/06/2017 05:00,16.14033236,37.40529471,15.498795,36.659795,16.13385,37.40475,16.943305,38.0457,16.1379307240705,37.4451776908023,511603400
06/07/2017 05:00,15.99874135,37.63495772,15.478895,37.012695,15.9932,37.63785,16.7040125,38.098805,15.9615035225049,37.5962293542074,511603400
06/08/2017 05:00,15.74193372,37.94151893,15.459,37.6380975,15.74065,37.9432,16.1621025,38.1488,15.679153816047,37.9505046966732,511603400
06/09/2017 05:00,15.16493703,38.34514696,14.8394925,38.2272,15.16745,38.3436,15.3675,38.5313,15.1977890410959,38.3320788649706,511603400
06/10/2017 05:00,15.00103694,38.49707564,14.340385,38.2445,15.0039,38.4957,15.5083,38.830305,15.0084618395303,38.4136326810176,511603400
06/11/2017 05:00,15.22127063,38.53224468,14.8509975,38.2995,15.2217,38.5331,15.5991,38.7929,15.2238953033268,38.5421739726027,511603400
06/12/2017 05:00,15.10512674,38.70336149,14.2415975,38.2758975,15.108,38.6972,15.8133025,39.294,15.2294162426614,38.628733072407,511603400
06/13/2017 05:00,14.8920033,38.85419038,13.8320925,38.2998,14.8949,38.84955,15.7779025,39.7133075,14.9777005870841,38.7268170254403,511603400
06/14/2017 05:00,14.64064641,38.97741604,13.71879,38.32949,14.64155,38.9864,15.481605,39.91991,14.6556894324853,39.1446677103718,511603400
06/15/2017 05:00,14.38495025,39.05313537,13.47699,38.36979,14.3887,39.0477,15.196325,40.0791,14.4292056751468,38.9156242661448,511603400
06/16/2017 05:00,14.02201937,39.01983814,12.9501,38.4440925,14.0285,38.9949,14.8798075,40.03302,14.2054452054795,38.8444929549902,511603400
06/17/2017 05:00,13.40291633,38.90800414,12.4040975,37.987695,13.4177,38.8916,14.18611,39.9044025,13.6297205479452,38.7965391389432,511603400
06/18/2017 05:00,12.72182853,38.70224532,12.1306975,37.4414975,12.67215,38.70565,13.4954,39.6486,12.5241399217221,38.407766927593,511603400
06/19/2017 05:00,12.53317791,38.478081,11.880195,37.3452975,12.5039,38.47575,13.3438025,39.3,12.3583506849315,38.5454851272016,511603400
06/20/2017 05:00,12.12865125,38.24063471,11.090285,37.1675975,12.1288,38.23665,13.2792025,39.1278,12.1166119373777,38.1619951076321,511603400
06/21/2017 05:00,11.80499148,37.98984,10.591495,37.1355875,11.81515,37.9823,13.01261,38.999625,11.9909950684932,37.956788258317,511603400
06/22/2017 05:00,11.70201597,37.80202603,10.466,37.1443975,11.7038,37.7953,12.67241,38.728705,11.9968739726027,37.4884164383562,511603400
06/23/2017 05:00,11.80291875,37.71219608,10.83698,37.17059,11.80465,37.7144,12.5392025,38.3284025,11.915282778865,37.8030264187867,511603400
06/24/2017 05:00,11.98585787,37.70159676,11.5315925,37.435795,11.9852,37.7009,12.4072025,37.9851025,11.9774360078278,37.714384148728,511603400
06/25/2017 05:00,12.11044837,37.74238411,11.7545975,37.5457975,12.1117,37.7425,12.4179025,37.952305,12.135895890411,37.7550825831703,511603400
06/26/2017 05:00,12.2270659,37.71941693,11.9065,37.5291,12.2276,37.71975,12.5066,37.9203025,12.2368802348337,37.7466060665362,511603400
06/27/2017 05:00,12.31575461,37.61572032,11.9985925,37.4266,12.3155,37.6158,12.587,37.8038025,12.3711031311155,37.6173608610568,511603400
06/28/2017 05:00,12.59848245,37.51416839,12.3023,37.3338,12.5965,37.5152,12.918305,37.6615,12.5941510763209,37.538004109589,511603400
06/29/2017 05:00,12.80703045,37.47615035,12.4728,37.2863,12.8072,37.4773,13.1313025,37.6184025,12.849097260274,37.48654481409,511603400
06/30/2017 05:00,12.89571985,37.44833011,12.586395,37.25439,12.8959,37.4487,13.1981075,37.6046,12.8832998043053,37.4578191780822,511603400
07/01/2017 05:00,12.9839475,37.44496799,12.6653975,37.2616,12.98365,37.4453,13.2924025,37.5991,13.0030232876712,37.4641291585127,511603400
07/02/2017 05:00,12.99069495,37.43815978,12.6346975,37.2283975,12.9916,37.4389,13.2884075,37.604005,13.016059295499,37.4648616438356,511603400
07/03/2017 05:00,12.88190764,37.34874661,12.37249,37.0962,12.8835,37.34935,13.3116,37.5635,12.961985518591,37.3667853228963,511603400
07/04/2017 05:00,12.77230378,37.24700238,11.6893975,36.740195,12.77765,37.24685,13.5394175,37.6001,13.122402739726,37.2479583170254,511603400
07/05/2017 05:00,12.94278063,37.15876373,12.1541925,36.7810925,12.9486,37.1591,13.562,37.4548,12.9948939334638,37.1270011741683,511603400
07/06/2017 05:00,13.08520484,37.08862726,12.382,36.6936875,13.08235,37.09065,13.7543075,37.4463,13.0756876712329,37.1304025440313,511603400
07/07/2017 05:00,13.2485167,37.00985389,12.8782,36.7705975,13.24845,37.0106,13.633605,37.2351025,13.2274839530333,37.019368297456,511603400
07/08/2017 05:00,13.50432912,36.93323546,13.1595875,36.7319975,13.5028,36.9338,13.8540025,37.1336025,13.4604675146771,36.9340320939335,511603400
07/09/2017 05:00,13.77706226,36.92535033,13.4671975,36.7251,13.77625,36.92525,14.1124075,37.129705,13.7551655577299,36.9028011741683,511603400
07/10/2017 05:00,13.81407402,36.91865187,13.4991,36.7208975,13.815,36.9181,14.1107025,37.1103,13.8633232876712,36.9092,511603400
07/11/2017 05:00,13.89437906,36.89080645,13.5720975,36.68799,13.8962,36.891,14.2069075,37.077605,13.9145054794521,36.9041712328767,511603400
07/12/2017 05:00,14.09791434,36.81686005,13.7858975,36.6130925,14.09945,36.8169,14.4022025,37.0094,14.1042778864971,36.7994812133072,511603400
07/13/2017 05:00,14.34772064,36.75599878,14.0356975,36.56889,14.3481,36.7558,14.6465,36.9543,14.3350863013699,36.771447553816,511603400
07/14/2017 05:00,14.53647549,36.63166159,14.1950975,36.4538975,14.5341,36.6324,14.8650025,36.8183,14.527118590998,36.6352354207436,511603400
07/15/2017 05:00,14.56798638,36.33324391,14.005995,36.1158975,14.5768,36.3329,15.0507025,36.5510025,14.8719514677104,36.3434821917808,511603400
07/16/2017 05:00,14.5289879,36.11307408,13.49889,35.689895,14.5514,36.1135,15.4299025,36.5460075,15.1059671232877,36.0998684931507,511603400
07/17/2017 05:00,14.51580945,35.87850507,13.663285,35.5754,14.50075,35.8792,15.2702025,36.24891,14.9853052837573,35.9317561643836,511603400
07/18/2017 05:00,14.51926791,35.73937835,13.6458975,35.3938875,14.51725,35.7393,15.350605,36.09321,14.5049876712329,35.6787624266145,511603400
07/19/2017 05:00,14.62528572,35.69702452,14.1577925,35.4760975,14.626,35.6981,15.0320025,35.9034,14.6035675146771,35.7137168297456,511603400
07/20/2017 05:00,14.68058064,35.69651862,14.3338,35.4886,14.6819,35.6966,15.0074,35.882905,14.6548884540117,35.7003622309198,511603400
07/21/2017 05:00,14.6333706,35.68660057,14.3138975,35.4838975,14.63415,35.6868,14.9342075,35.8735,14.6391516634051,35.6894870841487,511603400
07/22/2017 05:00,14.64110579,35.67644691,14.3217975,35.4764975,14.6414,35.6763,14.9634125,35.8687025,14.6417403131115,35.6659156555773,511603400
07/23/2017 05:00,14.59692508,35.62641972,14.2871,35.4279,14.5969,35.62625,14.9170125,35.8268,14.5950585127202,35.6461281800391,511603400
07/24/2017 05:00,14.38248822,35.63606501,14.063695,35.4328975,14.3815,35.6354,14.714305,35.8341,14.3520872798434,35.6226246575342,511603400
07/25/2017 05:00,14.44470442,35.66439035,14.1125,35.4649,14.44475,35.6645,14.7715,35.8581,14.4062774951076,35.6688266144814,511603400
07/26/2017 05:00,14.57333568,35.62695679,14.2339925,35.4290925,14.5745,35.6266,14.8893025,35.8256,14.5893307240705,35.6033414872798,511603400
07/27/2017 05:00,14.62826297,35.59234848,14.3164,35.3935,14.6273,35.5924,14.9552075,35.7951,14.5958320939335,35.5957500978474,511603400
07/28/2017 05:00,14.66147324,35.60665589,14.345395,35.4115975,14.6603,35.6063,14.9950025,35.8093025,14.6582518590998,35.6117031311155,511603400
07/29/2017 05:00,14.80376619,35.59322501,14.5040975,35.38919,14.803,35.5931,15.1473,35.7881,14.7805502935421,35.5652273972603,511603400
07/30/2017 05:00,14.73075201,35.66417445,14.4081975,35.4549,14.7307,35.66435,15.0470025,35.8507025,14.7183872798434,35.6553375733855,511603400
07/31/2017 05:00,14.66918592,35.72576882,14.3640975,35.5268,14.6676,35.72565,14.975305,35.9082025,14.6629976516634,35.7376354207436,511603400
08/01/2017 05:00,14.63732272,35.7506487,14.3459,35.5592975,14.6363,35.75125,14.9380025,35.9121,14.6355283757339,35.7552230919765,511603400
08/02/2017 05:00,14.65278369,35.80058676,14.3460975,35.6154,14.6525,35.8016,14.97931,35.9378,14.6129324853229,35.8100473581213,511603400
08/03/2017 05:00,14.62152614,35.80397863,14.2696975,35.6187975,14.6216,35.80505,14.947205,35.9350025,14.6627681017613,35.8358473581213,511603400
08/04/2017 05:00,14.37640451,35.80635127,13.940085,35.5646,14.37455,35.8079,14.8552025,36.008305,14.4091534246575,35.8256115459883,511603400
